4,428.63,136,30,260,76.083
4,1094.7,26.916,50.505,437.71,71.302
5,259.31,0,55.147,477.94,90.036
5,998.15,117.42,23.184,200.93,66.994
6,216.92,0,50.505,437.71,108.14
7,290.77,0,50.505,437.71,92.505
8,405.8,197.77,23.184,200.93,56.116
9,296.68,61.803,38.86,336.79,82.697
10,1088.8,109.09,25.253,218.86,72.451
10,413,136,30,260,42.187
11,219.79,0,25.253,218.86,70.208
11,374.5,88,15,130,58.791
12,278.46,24.615,46.154,400,77.507
13,980.87,127.85,25.253,218.86,60.356
13,414.5,128,15,130,44.355
14,297.44,5.1799,19.43,168.39,75.935
16,463.08,40.374,50.505,437.71,67.425
16,1109.6,184,17.815,154.39,43.507
17,345.26,0,50.505,437.71,73.046
17,1178.7,123.61,23.184,200.93,72.549
17,599.19,169.41,21.186,183.62,53.761
18,509,88,30,260,77.879
18,21,0,42.493,368.27,48.584
19,340,0,50.505,437.71,88.963
19,563.37,88,30,260,86.963
20,482.76,0,42.493,368.27,79.06
20,1095.6,148.04,25.253,218.86,73.174
21,529.68,124.9,27.574,238.97,76.311
21,1185.6,147.33,17.815,154.39,70.382
21,597.05,141.31,27.574,238.97,68.679
22,385.68,0,55.147,477.94,115.21
23,345.26,0,60,520,94.902
23,487.69,0,50.505,437.71,75.415
23,263.88,160,35.8,310.26,49.231
23,1116.9,259.57,23.184,200.93,35.206
24,364.62,0,55.147,477.94,71.607
24,283.19,61.782,17.815,154.39,36.781
25,929.13,213.82,17.815,154.39,78.907
25,1085.9,135.97,23.184,200.93,53.393
26,1071.3,132.24,27.574,238.97,49.878
28,1141,67.338,32.751,283.84,97.362
29,1071.2,209.45,16.358,141.77,37.461
30,251.21,0,46.154,400,52.369
31,1133,7.3469,30,260,79.219
32,980.3,80,35.8,310.26,78.823
32,137.98,150.22,19.43,168.39,42.818
34,114.59,0,64.935,562.77,92.673
36,385.68,0,50.505,437.71,80.205
37,817.91,95.364,35.8,310.26,102.82
37,733.93,238.27,19.43,168.39,50.691
37,141.21,51.799,38.86,336.79,46.129
38,781,122.18,35.8,310.26,99.51
38,709.23,253.09,16.358,141.77,47.483
39,930.77,0,46.154,400,79.715
39,1167.2,0,50.505,437.71,71.548
41,362.3,0,55.147,477.94,52.614
42,263.88,16,42.493,368.27,78.362
42,919.63,190.1,17.815,154.39,36.093
44,953.56,176.33,27.574,238.97,66.173
44,424.85,122.18,32.751,283.84,43.306
45,997,148.36,32.751,283.84,52.837
47,774.5,280,15,130,48.051
48,500.73,180.71,23.184,200.93,72.042
48,154.34,0,42.493,368.27,60.695
48,90.435,148.33,23.184,200.93,39.456
48,334.17,222.55,16.358,141.77,37.421
49,816.84,155.4,21.186,183.62,40.594
50,992,0,55.147,477.94,94.423
50,411.98,198.37,30,260,70.473
50,946.21,191.02,27.574,238.97,63.557
50,783.07,95.364,46.154,400,52.237
50,879.32,292.36,16.358,141.77,46.882
51,1083.2,0,60,520,64.448
52,359.4,93.237,38.86,336.79,105.26
52,493,139.64,32.751,283.84,72.139
52,947.26,34.016,42.493,368.27,51.144
53,1048.4,174.95,25.253,218.86,68.599
53,637.47,208.6,25.253,218.86,51.392
54,510.92,210.13,23.184,200.93,66.735
54,180,0,60,520,65.164
55,842.75,158.12,27.574,238.97,50.853
55,553.91,161.5,25.253,218.86,43.353
55,500,12.308,46.154,400,41.516
56,947.37,134.58,25.253,218.86,47.588
56,504.26,196.36,16.358,141.77,38.319
56,1117.4,191.65,19.43,168.39,35.293
58,303.08,0,50.505,437.71,65.18
58,162.73,0,46.154,400,60.669
60,501,43.636,32.751,283.84,70.099
61,241.54,0,55.147,477.94,91.004
61,538.43,104.73,32.751,283.84,63.049
61,804.53,103.6,38.86,336.79,49.107
62,401.54,0,46.154,400,90.589
62,1097.9,0,64.935,562.77,75.997
62,504.73,156.83,23.184,200.93,68.943
62,568.65,175.06,21.186,183.62,50.402
62,1070.5,36,15,130,36.313
63,1109.1,100.93,25.253,218.86,47.677
64,1055.1,139.59,27.574,238.97,68.174
65,448.84,148.04,25.253,218.86,71.04
65,102.8,148.33,23.184,200.93,64.041
65,516.21,67.983,25.253,218.86,63.349
65,541.84,197.77,23.184,200.93,62.116
65,391.9,169.41,21.186,183.62,52.1
65,224,12.308,50.505,437.71,50.087
65,1188,93.237,38.86,336.79,36.425
66,244.78,24,38.86,336.79,75.542
66,378.18,204.36,17.815,154.39,53.574
67,870.74,0,50.505,437.71,60.658
67,607.82,168.98,27.574,238.97,59.876
67,783,197.77,23.184,200.93,50.037
68,1059.4,0,50.505,437.71,64.514
68,826.28,160,30,260,63.139
68,389.23,0,50.505,437.71,62.231
68,571.03,144,30,260,58.376
68,534.75,203.29,21.186,183.62,50.685
69,730.5,244.36,16.358,141.77,59.156
69,927.16,10.36,38.86,336.79,54.669
69,342.99,129.79,30,260,54.653
69,769.66,191.02,27.574,238.97,49.191
70,197.05,0,60,520,75.978
70,955.38,0,46.154,400,67.537
70,482.76,95.364,35.8,310.26,57.029
70,797,126.55,30,260,50.895
70,867.38,185.35,17.815,154.39,46.086
71,493.13,76.291,35.8,310.26,43.882
71,827.46,104.9,35.8,310.26,38.737
72,881.54,12.308,46.154,400,51.217
72,410.69,10.36,38.86,336.79,44.317
73,298.5,248.73,16.358,141.77,63.602
73,690.5,260,15,130,47.063
74,501,122.18,32.751,283.84,118.39
74,360.81,253.81,19.43,168.39,43.436
75,274.02,0,55.147,477.94,108.79
75,177,210.13,23.184,200.93,52.447
75,944.86,0,64.935,562.77,49.834
75,238.84,203.95,23.184,200.93,37.918
76,354.95,82.878,42.493,368.27,75.017
76,1072.8,0,50.505,437.71,66.064
76,655.52,88.163,35.8,310.26,60.166
77,991.09,0,46.154,400,95.904
78,813.79,183.67,27.574,238.97,51.742
79,785.75,227.91,19.43,168.39,38.807
80,861.71,109.09,32.751,283.84,88.327
80,539.47,0,42.493,368.27,71.842
80,603.79,121.12,27.574,238.97,39.403
81,192.31,0,55.147,477.94,92.683
82,250.95,0,50.505,437.71,77.821
84,354.53,195.14,25.253,218.86,71.759
84,63.284,80.816,42.493,368.27,60.327
84,1022.5,208,15,130,39.158
85,253,64,35.8,310.26,67.681
85,932.54,57.219,35.8,310.26,35.303
87,781,144,30,260,67.165
88,906,0,64.935,562.77,126.67
88,286.32,28.609,42.493,368.27,80.76
88,118.46,98.462,46.154,400,59.835
88,1142.1,0,55.147,477.94,57.639
89,389.23,64,46.154,400,72.973
90,538.5,252,15,130,80.216
90,482.76,185.41,27.574,238.97,71.374
90,381,51.429,32.751,283.84,54.43
91,47.15,191.59,23.184,200.93,51.007
92,1218.5,241.03,23.184,200.93,46.346
92,377.79,8.7273,16.358,141.77,39.632
93,505.49,11.339,42.493,368.27,93.299
94,389.23,0,60,520,122.57
95,106.15,0,55.147,477.94,104.26
96,210.53,0,55.147,477.94,112.97
96,444.33,107.29,21.186,183.62,48.44
97,216.92,0,46.154,400,89.787
97,374.74,186.35,25.253,218.86,39.681
98,1060.5,0,42.493,368.27,92.264
99,752.71,0,46.154,400,86.771
99,843.79,22.677,50.505,437.71,75.821
99,991.09,181.42,42.493,368.27,66.904
99,686.5,160,15,130,41.193
100,800,0,42.493,368.27,77.391
100,1037.7,259.76,21.186,183.62,45.923
101,1099.8,0,50.505,437.71,53.98
101,804.53,0,42.493,368.27,52.389
102,152.27,203.95,23.184,200.93,71.389
102,1041.7,92.704,27.574,238.97,54.583
103,237,136,30,260,96.026
105,1151.2,12.308,46.154,400,55.314
105,798.5,214.59,21.186,183.62,40.863
106,320.84,114.39,25.253,218.86,86.454
106,853.14,261.39,17.815,154.39,62.183
106,529.47,210.13,23.184,200.93,53.392
106,810.5,292,15,130,50.654
106,1100.7,98.884,35.8,310.26,50.071
106,999.42,208.6,25.253,218.86,41.074
107,437.52,0,50.505,437.71,92.57
107,777.01,168.98,30,260,79.276
107,1133,152,30,260,53.211
108,288.74,0,55.147,477.94,55.641
109,278.46,47.682,46.154,400,57.45
110,741,168,30,260,56.838
111,725.05,44.082,27.574,238.97,79.202
111,885,144,30,260,40.365
112,506.95,13.458,55.147,477.94,93.031
113,749.47,207.19,19.43,168.39,44.662
115,282.13,203.95,25.253,218.86,77.347
117,398.63,66.122,38.86,336.79,73.12
118,143.01,0,50.505,437.71,88.437
118,1115.4,66.122,30,260,74.173
119,1034.5,180,16.358,141.77,42.313
120,216.42,231.27,16.358,141.77,37.106
121,53.333,0,55.147,477.94,77.611
121,176.99,36.923,46.154,400,71.291
121,1085.9,290.07,19.43,168.39,46.247
121,358.5,100,15,130,39.371
122,789.25,142.15,35.8,310.26,54.087
123,210.97,11.339,42.493,368.27,39.762
123,1066.2,0,46.154,400,39.291
125,819.37,132.24,27.574,238.97,45.372
126,881.54,0,46.154,400,37.855
128,531.34,85.545,35.8,310.26,69.126
128,241.62,258.99,19.43,168.39,52.835
128,302.09,95.364,35.8,310.26,50.958
129,445.98,161.63,30,260,74.577
129,349.85,0,35.8,310.26,73.741
129,540.9,85.828,35.8,310.26,68.337
129,266.5,284,15,130,43.328
130,116.21,0,55.147,477.94,66.159
130,433.36,243.45,19.43,168.39,65.786
130,352.31,12.308,46.154,400,44.226
131,1010.2,156.83,32.751,283.84,73.602
131,795.38,0,46.154,400,35.705
132,738.19,161.5,25.253,218.86,117.54
132,1103.1,0,46.154,400,72.484
132,709.23,235.64,16.358,141.77,57.148
132,1062.7,122.18,32.751,283.84,52.586
132,293.89,181.68,25.253,218.86,42.147
133,738.19,160.69,27.574,238.97,101.96
133,1115.4,0,46.154,400,70.612
133,1075.8,104.9,35.8,310.26,53.159
134,1014.7,67.29,25.253,218.86,62.233
135,512.22,47.682,35.8,310.26,73.798
137,473.17,223.37,17.815,154.39,56.332
140,461,69.818,32.751,283.84,73.804
140,901,95.364,35.8,310.26,65.628
140,537,191.65,19.43,168.39,55.001
140,143.16,0,50.505,437.71,51.197
141,529.09,166.34,21.186,183.62,57.765
141,442.32,28.609,35.8,310.26,56.223
141,1140,12.308,46.154,400,49.644
142,453,51.429,30,260,66.644
144,866.53,168.22,25.253,218.86,69.688
145,937.58,197.77,23.184,200.93,96.684
145,319.23,228.67,23.184,200.93,40.284
146,244.78,41.439,38.86,336.79,64.131
146,44.696,186.47,19.43,168.39,57.494
146,88.46,180.59,17.815,154.39,54.595
147,141.61,0,55.147,477.94,75.094
147,547.17,0,32.751,283.84,73.617
147,78.161,176.33,27.574,238.97,63.194
147,302.19,305.61,19.43,168.39,50.565
147,469.05,33.645,25.253,218.86,38.611
148,387.25,154.77,25.253,218.86,60.592
148,234.49,0,38.86,336.79,43.309
149,345.26,150.22,19.43,168.39,35.83
150,241.37,130.91,32.751,283.84,50.064
151,940.63,129.79,25.253,218.86,66.985
151,273.68,127.85,25.253,218.86,38.319
153,379.77,87.273,32.751,283.84,84.771
153,424.35,160.69,25.253,218.86,73.657
153,89.393,186.47,38.86,336.79,60.092
154,250.95,0,60,520,102.28
154,407.16,78.545,38.86,336.79,98.746
154,203.22,168.22,27.574,238.97,75.207
154,1028.1,9.5364,35.8,310.26,43.633
155,71.579,208.6,25.253,218.86,73.733
155,192.31,0,46.154,400,58.984
155,874.5,216,15,130,38.008
155,924.68,163.76,21.186,183.62,37.668
156,335.58,0,50.505,437.71,98.275
157,843.79,0,55.147,477.94,92.023
157,179.37,161.63,27.574,238.97,66.21
158,906.15,0,46.154,400,88.502
158,752,142.15,25.253,218.86,54.881
159,1015.2,0,46.154,400,46.377
160,783.07,74.163,32.751,283.84,62.912
161,640.77,173.05,23.184,200.93,42.677
161,833.98,10.36,42.493,368.27,39.794
162,856.64,0,46.154,400,62.524
162,721.16,161.5,25.253,218.86,52.678
163,696.43,191.59,23.184,200.93,36.277
164,314.17,67.338,19.43,168.39,71.179
166,168.36,41.439,38.86,336.79,77.507
166,922.5,218.18,16.358,141.77,40.694
167,803.37,0,50.505,437.71,82.908
167,1127.9,242.38,17.815,154.39,40.19
168,27.206,0,46.154,400,64.318
168,379.77,146.94,27.574,238.97,43.132
168,442.9,173.05,23.184,200.93,43.018
169,1081.1,109.31,17.815,154.39,44.115
170,407.37,8.7273,32.751,283.84,68.28
171,278.46,0,46.154,400,90.225
171,1090.8,0,46.154,400,75.418
171,496,132.24,27.574,238.97,64.658
171,931.4,179.23,23.184,200.93,35.374
172,919.03,154.77,25.253,218.86,79.22
172,378.51,31.079,42.493,368.27,77.369
172,1176.9,0,46.154,400,73.295
172,894.5,188,15,130,59.772
173,183.58,0,60,520,81.469
173,927.29,305.45,16.358,141.77,53.052
175,924.14,22.041,27.574,238.97,39.407
176,863.48,41.439,19.43,168.39,52.14
176,351.62,183.27,16.358,141.77,36.281
177,856.12,34.016,42.493,368.27,67.609
177,460.69,168.98,27.574,238.97,55.689
179,791.72,124.9,27.574,238.97,58.926
180,799.08,95.51,32.751,283.84,68.73
180,717.96,231.27,16.358,141.77,47.371
181,1042.5,242.38,19.43,168.39,104.22
181,1186.2,0,60,520,102.01
182,738.53,29.388,38.86,336.79,60.902
184,798.5,244,15,130,71.435
184,943.77,160.69,23.184,200.93,67.483
185,767.64,218.61,17.815,154.39,49.82
186,949.1,200.73,16.358,141.77,47.018
186,733.53,160.69,23.184,200.93,35.206
187,340,36.923,46.154,400,44.297
187,1049,152.47,21.186,183.62,38.725
188,197,112,30,260,42.799
188,502.74,148.04,25.253,218.86,40.169
189,822.65,34.016,42.493,368.27,85.692
189,174.5,240,15,130,52.27
190,473.17,181.29,19.43,168.39,92.786
190,333,104,30,260,37.863
191,335.58,0,50.505,437.71,109.7
191,839.58,168.22,25.253,218.86,71.285
191,482.5,192,16.358,141.77,67.201
192,585.75,102.86,30,260,86.663
192,1001.3,139.59,27.574,238.97,76.682
192,177,168.22,25.253,218.86,47.498
194,1045.9,0,50.505,437.71,60.268
197,717,109.31,30,260,75.863
197,275.94,179.23,23.184,200.93,37.122
198,291.74,220.24,21.186,183.62,56.362
198,102.71,251.88,17.815,154.39,51.745
199,172.63,160,30,260,78.392
200,961.19,78.545,35.8,310.26,90.311
200,887.92,87.273,32.751,283.84,65.929
200,863.38,166.87,23.184,200.93,38.097
201,955.38,0,46.154,400,55.568
202,997,148.04,32.751,283.84,74.765
203,265.59,196.83,38.86,336.79,56.019
203,999.4,114.44,35.8,310.26,47.577
204,170.11,80.748,55.147,477.94,71.767
204,285.05,43.636,32.751,283.84,46.243
204,665.51,105.06,23.184,200.93,37.476
205,273.43,47.682,35.8,310.26,44.708
205,174.5,196,15,130,37.583
205,106,80,60,520,36.23
206,700.69,0,55.147,477.94,103.89
206,661.38,155.4,19.43,168.39,37.235
207,806,61.091,23.184,200.93,66.187
207,317,184,30,260,57.876
207,858,0,60,520,56.831
207,738.5,148,15,130,50.844
208,843.79,0,55.147,477.94,82.785
208,783.81,52.364,42.493,368.27,75.15
208,974.69,179.23,23.184,200.93,64.446
208,931.49,148.04,27.574,238.97,41.91
212,459.8,152,32.751,283.84,105.53
212,777.35,51.429,42.493,368.27,83.074
214,674.63,108.78,35.8,310.26,74.799
214,1066.2,24,46.154,400,71.512
216,325.45,61.091,16.358,141.77,47.526
217,500,0,46.154,400,91.532
217,589,96,30,260,52.492
218,431.42,0,42.493,368.27,72.987
218,556.32,58.776,27.574,238.97,43.174
219,545.43,28.609,38.86,336.79,70.849
219,901.12,231.27,16.358,141.77,62.179
220,722.5,212,15,130,61.954
221,901,128,32.751,283.84,79.919
222,770.15,85.828,35.8,310.26,36.481
224,1114,0,35.8,310.26,36.336
227,141.61,0,55.147,477.94,93.584
227,401.84,154.29,30,260,72.802
228,372.42,148.36,32.751,283.84,71.09
229,267.61,62.158,42.493,368.27,85.18
229,436.71,220.24,23.184,200.93,76.214
230,188.94,78.545,32.751,283.84,62.126
231,789.89,0,50.505,437.71,74.96
231,519.54,132.24,27.574,238.97,44.53
233,809.28,110.2,32.751,283.84,71.238
233,749.47,202.01,19.43,168.39,49.112
234,752.71,82.878,38.86,336.79,44.306
235,845,120,30,260,66.862
236,696.09,205.71,27.574,238.97,51.026
237,701,208,30,260,48.614
237,1061,208,30,260,45.145
239,1053.8,0,55.147,477.94,76.425
239,94.31,353.45,16.358,141.77,43.887
240,262.07,168.98,27.574,238.97,62.583
240,863.38,210.13,23.184,200.93,36.892
241,306.21,213.06,27.574,238.97,95.11
241,838.5,220,15,130,36.601
241,399.12,254.12,21.186,183.62,35.036
242,385.68,0,50.505,437.71,70.892
243,257.39,24.721,23.184,200.93,44.23
244,222.5,196,15,130,46.183
246,139.7,0,50.505,437.71,88.831
247,276.31,113.45,32.751,283.84,61.733
248,634.54,36.735,38.86,336.79,80.62
248,326.5,196,15,130,44.4
249,426.11,0,50.505,437.71,85.791
249,489.26,74.019,25.253,218.86,41.809
249,269,144,30,260,39.756
249,857.93,110.2,27.574,238.97,35.599
249,399.59,126.55,16.358,141.77,35.542
250,731.79,168.98,27.574,238.97,59.185
250,463.08,0,50.505,437.71,50.936
